10	0.541826
11	0.480037
12	0.61418
13	0.610039
14	0.427056
15	0.547313
16	0.518508
17	0.350742
18	0.641118
19	0.499766
20	0.535569
21	0.494377
22	0.496571
23	0.602506
24	0.527239
25	0.507365
26	0.464106
27	0.461715
28	0.53086
29	0.4491
30	0.454211
31	0.448432
32	0.487391
33	0.486008
34	0.526421
35	0.461907
36	0.528943
37	0.600645
38	0.533202
39	0.482005
40	0.528166
41	0.507518
42	0.501282
43	0.567524
44	0.574967
45	0.474046
46	0.47396
47	0.547293
48	0.482324
49	0.467359
50	0.523892
51	0.461316
52	0.469405
53	0.552291
54	0.556256
55	0.479415
56	0.53279
57	0.502278
58	0.494983
59	0.633099
60	0.552158
61	0.459797
62	0.520746
63	0.472381
64	0.495374
65	0.465198
66	0.433519
67	0.528399
68	0.552601
69	0.482743
70	0.500614
71	0.510101
72	0.475528
73	0.490026
74	0.506846
75	0.541448
76	0.466965
77	0.468519
78	0.484816
79	0.513538
80	0.496676
81	0.462327
82	0.473835
83	0.513081
84	0.513188
85	0.467846
86	0.481377
87	0.468659
88	0.5017
89	0.512635
90	0.475714
91	0.512249
92	0.461237
93	0.490852
94	0.487571
95	0.474099
96	0.496954
97	0.551596
98	0.447845
99	0.489381
100	0.486117
101	0.473591
102	0.434328
103	0.500992
104	0.519191
105	0.521022
106	0.496574
107	0.514727
108	0.510994
109	0.549898
110	0.502046
111	0.524816
112	0.574289
113	0.485084
114	0.471005
115	0.517889
116	0.465423
117	0.466365
118	0.481127
119	0.561121
120	0.500453
121	0.512672
122	0.511178
123	0.496515
124	0.503134
125	0.501356
126	0.476842
127	0.483142
128	0.513624
129	0.527809
130	0.500062
131	0.475441
132	0.489998
133	0.496296
134	0.473148
135	0.468301
136	0.512526
137	0.528997
138	0.525473
139	0.497614
140	0.495276
141	0.480372
142	0.48191
143	0.50643
144	0.48523
145	0.490996
146	0.507322
147	0.492635
148	0.485857
149	0.478533
150	0.507281
151	0.477543
152	0.491225
153	0.464806
154	0.483682
155	0.480882
156	0.488755
157	0.476418
158	0.449298
159	0.498669
160	0.516078
161	0.484691
162	0.514611
163	0.464938
164	0.536122
165	0.483637
166	0.504872
167	0.4862
168	0.495585
169	0.512631
170	0.495875
171	0.462333
172	0.520177
173	0.479356
174	0.522448
175	0.499812
176	0.51091
177	0.488124
178	0.524646
179	0.529931
180	0.51256
181	0.514809
182	0.468819
183	0.49285
184	0.530615
185	0.511622
186	0.49106
187	0.505068
188	0.472197
189	0.53013
190	0.481645
191	0.539115
192	0.497162
193	0.496499
194	0.543069
195	0.468529
196	0.510054
197	0.515521
198	0.494775
199	0.503164
200	0.485135
201	0.502942
202	0.505472
203	0.459869
204	0.512548
205	0.503828
206	0.510028
207	0.484
208	0.473193
209	0.480729
210	0.442789
211	0.506669
212	0.499404
213	0.509845
214	0.511007
215	0.514992
216	0.504668
217	0.491065
218	0.509017
219	0.527329
220	0.532401
221	0.48923
222	0.502229
223	0.528021
224	0.482265
225	0.511025
226	0.492163
227	0.500341
228	0.468447
229	0.496196
230	0.496369
231	0.466373
232	0.451376
233	0.487975
234	0.490978
235	0.505174
236	0.533534
237	0.487205
238	0.509026
239	0.495327
240	0.477759
241	0.495141
242	0.454589
243	0.504373
244	0.524035
245	0.513314
246	0.499414
247	0.491196
248	0.48035
249	0.488119
250	0.480791
251	0.490846
252	0.487045
253	0.527886
254	0.5218
255	0.49721
256	0.496776
257	0.520256
258	0.515454
259	0.497158
260	0.479428
261	0.49806
262	0.478729
263	0.499782
264	0.508576
265	0.486387
266	0.512461
267	0.51496
268	0.4815
269	0.496955
270	0.51513
271	0.499967
272	0.489333
273	0.510503
274	0.490086
275	0.496031
276	0.498276
277	0.488547
278	0.486196
279	0.491616
280	0.483856
281	0.489963
282	0.469879
283	0.511128
284	0.47239
285	0.529227
286	0.510039
287	0.528598
288	0.485791
289	0.493088
290	0.487055
291	0.483378
292	0.499443
293	0.569573
294	0.467261
295	0.515442
296	0.488795
297	0.472455
298	0.505478
299	0.49948
300	0.508444
301	0.489321
302	0.488009
303	0.508948
304	0.51401
305	0.488848
306	0.490792
307	0.515459
308	0.526594
309	0.491954
310	0.503718
311	0.496985
312	0.505096
313	0.508247
314	0.49009
315	0.50157
316	0.499934
317	0.51497
318	0.497606
319	0.517852
320	0.516368
321	0.500934
322	0.503458
323	0.49239
324	0.492829
325	0.508959
326	0.515662
327	0.520934
328	0.509051
329	0.502899
330	0.489558
331	0.501082
332	0.490743
333	0.51781
334	0.508916
335	0.492928
336	0.507758
337	0.53049
338	0.477854
339	0.488831
340	0.494481
341	0.496278
342	0.49156
343	0.48879
344	0.511297
345	0.511595
346	0.499248
347	0.527828
348	0.519156
349	0.503445
350	0.462181
351	0.497549
352	0.52003
353	0.514383
354	0.486058
355	0.485404
356	0.512203
357	0.485134
358	0.516956
359	0.511683
360	0.527653
361	0.510331
362	0.500354
363	0.510148
364	0.520862
365	0.500475
366	0.505877
367	0.480513
368	0.492987
369	0.50138
370	0.503762
371	0.519994
372	0.50371
373	0.535403
374	0.493654
375	0.493282
376	0.490898
377	0.517125
378	0.499281
379	0.518261
380	0.485413
381	0.468037
382	0.489077
383	0.490226
384	0.515576
385	0.511659
386	0.491757
387	0.486282
388	0.494195
389	0.472932
390	0.504983
391	0.500542
392	0.492845
393	0.513137
394	0.496479
395	0.502917
396	0.496476
397	0.502789
398	0.470754
399	0.506514
400	0.484149
401	0.509739
402	0.507726
403	0.491443
404	0.481901
405	0.518778
406	0.496141
407	0.513824
408	0.491499
409	0.50456
410	0.477246
411	0.496526
412	0.51269
413	0.496553
414	0.516775
415	0.48002
416	0.488677
417	0.505974
418	0.493317
419	0.494648
420	0.491443
421	0.470889
422	0.48461
423	0.505593
424	0.516128
425	0.514059
426	0.498479
427	0.506804
428	0.482735
429	0.497635
430	0.498005
431	0.476518
432	0.490405
433	0.494637
434	0.51153
435	0.478219
436	0.48698
437	0.472918
438	0.505289
439	0.492811
440	0.513966
441	0.501503
442	0.500927
443	0.505676
444	0.505344
445	0.506532
446	0.503669
447	0.490452
448	0.497185
449	0.483219
450	0.504577
451	0.504755
452	0.507346
453	0.516318
454	0.483502
455	0.490337
456	0.49013
457	0.485167
458	0.499239
459	0.481519
460	0.488513
461	0.496412
462	0.499944
463	0.513118
464	0.495623
465	0.502756
466	0.515799
467	0.514109
468	0.485006
469	0.502799
470	0.510576
471	0.499324
472	0.475044
473	0.51148
474	0.505659
475	0.512417
476	0.511919
477	0.50703
478	0.5132
479	0.509946
480	0.492632
481	0.495519
482	0.487695
483	0.50027
484	0.499692
485	0.482048
486	0.505274
487	0.495843
488	0.518729
489	0.477328
490	0.509495
491	0.507376
492	0.492584
493	0.515493
494	0.49829
495	0.517327
496	0.504592
497	0.498052
498	0.492488
499	0.525962
500	0.487322
501	0.502572
502	0.495782
503	0.503189
504	0.499694
505	0.510919
506	0.500003
507	0.485692
508	0.50232
509	0.484636
510	0.504168
511	0.521653
512	0.489939
513	0.499488
514	0.499362
515	0.495672
516	0.520534
517	0.48251
518	0.498066
519	0.523637
520	0.499877
521	0.503157
522	0.485071
523	0.510585
524	0.483113
525	0.463512
526	0.499395
527	0.508389
528	0.485312
529	0.510843
530	0.489544
531	0.512105
532	0.495346
533	0.507088
534	0.505994
535	0.506762
536	0.491155
537	0.486331
538	0.5047
539	0.478803
540	0.516814
541	0.498143
542	0.505316
543	0.506157
544	0.487879
545	0.501012
546	0.503521
547	0.521071
548	0.496819
549	0.502098
550	0.514089
551	0.501118
552	0.491235
553	0.525707
554	0.513998
555	0.510601
556	0.481708
557	0.51815
558	0.467953
559	0.528443
560	0.486424
561	0.513034
562	0.521839
563	0.500049
564	0.497844
565	0.516868
566	0.50285
567	0.533333
568	0.506576
569	0.499355
570	0.508681
571	0.512304
572	0.511502
573	0.502418
574	0.499787
575	0.502409
576	0.513276
577	0.506277
578	0.488521
579	0.484246
580	0.494011
581	0.514659
582	0.500388
583	0.525971
584	0.510375
585	0.490186
586	0.507155
587	0.50379
588	0.48138
589	0.498919
590	0.492331
591	0.520631
592	0.495268
593	0.524313
594	0.532744
595	0.50271
596	0.497613
597	0.491603
598	0.490339
599	0.478992
600	0.494083
601	0.493073
602	0.502228
603	0.507431
604	0.499626
605	0.512447
606	0.488126
607	0.506048
608	0.506506
609	0.498086
610	0.516253
611	0.491765
612	0.499921
613	0.488906
614	0.487284
615	0.492791
616	0.515764
617	0.486813
618	0.510935
619	0.50594
620	0.510182
621	0.496687
622	0.50335
623	0.5032
624	0.482251
625	0.480914
626	0.493667
627	0.500806
628	0.475849
629	0.509392
630	0.492731
631	0.483449
632	0.514822
633	0.501506
634	0.501681
635	0.508973
636	0.499254
637	0.496597
638	0.508783
639	0.490629
640	0.508544
641	0.530034
642	0.488664
643	0.498773
644	0.499715
645	0.500738
646	0.518015
647	0.496672
648	0.498336
649	0.487985
650	0.485992
651	0.513119
652	0.505842
653	0.492685
654	0.511422
655	0.503252
656	0.493202
657	0.495866
658	0.532313
659	0.49563
660	0.501753
661	0.510576
662	0.504173
663	0.525263
664	0.489608
665	0.505343
666	0.508448
667	0.512638
668	0.500503
669	0.506793
670	0.510973
671	0.49428
672	0.510336
673	0.511491
674	0.514934
675	0.49248
676	0.50298
677	0.496123
678	0.499484
679	0.501169
680	0.49278
681	0.501695
682	0.495802
683	0.508677
684	0.506308
685	0.485753
686	0.487213
687	0.50465
688	0.502285
689	0.508239
690	0.491901
691	0.502294
692	0.503901
693	0.513713
694	0.530032
695	0.494375
696	0.504019
697	0.499609
698	0.510816
699	0.510082
700	0.504604
701	0.496275
702	0.495919
703	0.517714
704	0.49808
705	0.490879
706	0.50312
707	0.499931
708	0.522487
709	0.499021
710	0.506056
711	0.481289
712	0.490284
713	0.485874
714	0.495764
715	0.514512
716	0.518241
717	0.487884
718	0.519367
719	0.498835
720	0.474975
721	0.501538
722	0.492658
723	0.507425
724	0.504185
725	0.504
726	0.502985
727	0.469701
728	0.506885
729	0.490002
730	0.488032
731	0.48382
732	0.506275
733	0.52618
734	0.502616
735	0.503285
736	0.496213
737	0.474351
738	0.503076
739	0.508513
740	0.486853
741	0.496871
742	0.523591
743	0.487823
744	0.510896
745	0.507643
746	0.513059
747	0.497982
748	0.499467
749	0.498224
750	0.50781
751	0.494705
752	0.496076
753	0.509701
754	0.502841
755	0.506492
756	0.486799
757	0.512492
758	0.506646
759	0.507515
760	0.502079
761	0.496733
762	0.518331
763	0.50825
764	0.510632
765	0.504562
766	0.497953
767	0.507041
768	0.501984
769	0.499132
770	0.505377
771	0.503526
772	0.490983
773	0.507171
774	0.485668
775	0.50347
776	0.517516
777	0.501545
778	0.481327
779	0.505855
780	0.495767
781	0.5001
782	0.489955
783	0.513289
784	0.515607
785	0.50188
786	0.491652
787	0.509161
788	0.503442
789	0.496056
790	0.519512
791	0.493849
792	0.50062
793	0.506977
794	0.486786
795	0.481637
796	0.507065
797	0.497716
798	0.488759
799	0.511535
800	0.500741
801	0.500735
802	0.486662
803	0.515455
804	0.495401
805	0.505198
806	0.492256
807	0.510393
808	0.500077
809	0.505444
810	0.489871
811	0.512548
812	0.513781
813	0.504256
814	0.498029
815	0.494101
816	0.502533
817	0.490143
818	0.490025
819	0.49332
820	0.517307
821	0.498753
822	0.514351
823	0.491839
824	0.508216
825	0.485681
826	0.500316
827	0.505562
828	0.501121
829	0.484469
830	0.507926
831	0.502091
832	0.502921
833	0.479722
834	0.510484
835	0.498287
836	0.504935
837	0.502128
838	0.50451
839	0.487495
840	0.505962
841	0.494166
842	0.502135
843	0.499839
844	0.491545
845	0.499442
846	0.498443
847	0.497829
848	0.5177
849	0.524479
850	0.500039
851	0.494051
852	0.499376
853	0.503744
854	0.515341
855	0.510486
856	0.515588
857	0.487797
858	0.51165
859	0.507851
860	0.506694
861	0.510209
862	0.505021
863	0.487881
864	0.502225
865	0.503104
866	0.484769
867	0.494296
868	0.492435
869	0.504614
870	0.501201
871	0.492106
872	0.496288
873	0.504028
874	0.496452
875	0.498529
876	0.482127
877	0.506161
878	0.49248
879	0.504091
880	0.501519
881	0.478894
882	0.519276
883	0.49884
884	0.511707
885	0.491333
886	0.496083
887	0.515116
888	0.489776
889	0.519048
890	0.490732
891	0.49782
892	0.486092
893	0.48304
894	0.501995
895	0.487185
896	0.485161
897	0.503658
898	0.505675
899	0.493325
900	0.513206
901	0.502973
902	0.485428
903	0.496159
904	0.494893
905	0.503315
906	0.510748
907	0.504401
908	0.485626
909	0.501362
910	0.495748
911	0.507595
912	0.508789
913	0.505736
914	0.504278
915	0.482818
916	0.503618
917	0.513212
918	0.50485
919	0.505316
920	0.498774
921	0.48435
922	0.510549
923	0.501911
924	0.500615
925	0.508494
926	0.494154
927	0.505993
928	0.501118
929	0.525479
930	0.511089
931	0.487583
932	0.509385
933	0.497157
934	0.506017
935	0.51699
936	0.502687
937	0.49955
938	0.48617
939	0.510414
940	0.507
941	0.500904
942	0.496328
943	0.510942
944	0.491069
945	0.48656
946	0.512669
947	0.504427
948	0.487749
949	0.501947
950	0.493974
951	0.498253
952	0.508498
953	0.510756
954	0.490704
955	0.494453
956	0.490923
957	0.509196
958	0.505618
959	0.492741
960	0.498627
961	0.4938
962	0.501205
963	0.50513
964	0.500798
965	0.495811
966	0.488312
967	0.499811
968	0.487884
969	0.509926
970	0.509746
971	0.487214
972	0.521185
973	0.489045
974	0.503319
975	0.502422
976	0.51021
977	0.493718
978	0.487088
979	0.516755
980	0.500014
981	0.518364
982	0.499307
983	0.488813
984	0.492766
985	0.487631
986	0.484871
987	0.493884
988	0.494826
989	0.492705
990	0.498688
991	0.494556
992	0.494731
993	0.488564
994	0.487129
995	0.492178
996	0.482998
997	0.492429
998	0.493348
999	0.498068
1000	0.50812
1001	0.522425
1002	0.511508
1003	0.493005
1004	0.505642
1005	0.493753
1006	0.487702
1007	0.502614
1008	0.489559
1009	0.503027
1010	0.498052
1011	0.49462
1012	0.486109
1013	0.522629
1014	0.489837
1015	0.508898
1016	0.50377
1017	0.487166
1018	0.509302
1019	0.500497
1020	0.499575
1021	0.504544
1022	0.501791
1023	0.500688
1024	0.509472
1025	0.493559
1026	0.509518
1027	0.498794
1028	0.49901
1029	0.480955
1030	0.511196
1031	0.486531
1032	0.525905
1033	0.498999
1034	0.490797
1035	0.503118
1036	0.491007
1037	0.513054
1038	0.506599
1039	0.509
1040	0.494777
1041	0.51008
1042	0.497696
1043	0.504708
1044	0.499125
1045	0.484991
1046	0.486783
1047	0.49629
1048	0.485378
1049	0.514016
1050	0.497927
1051	0.504553
1052	0.501706
1053	0.501459
1054	0.509197
1055	0.481261
1056	0.501862
1057	0.503334
1058	0.504502
1059	0.507057
1060	0.495256
1061	0.503428
1062	0.5045
1063	0.500729
1064	0.491432
1065	0.501212
1066	0.502937
1067	0.478329
1068	0.4987
1069	0.491107
1070	0.494941
1071	0.502798
1072	0.512844
1073	0.494324
1074	0.508624
1075	0.487819
1076	0.512463
1077	0.489795
1078	0.495432
1079	0.490845
1080	0.502033
1081	0.506618
1082	0.516827
1083	0.492037
1084	0.48342
1085	0.489511
1086	0.487768
1087	0.510265
1088	0.515708
1089	0.485462
1090	0.497819
1091	0.508498
1092	0.516919
1093	0.502616
1094	0.506527
1095	0.49713
1096	0.496639
1097	0.502157
1098	0.50523
1099	0.505854
1100	0.495786
1101	0.493719
1102	0.497255
1103	0.499946
1104	0.500487
1105	0.508847
1106	0.513238
1107	0.498956
1108	0.499816
1109	0.50226
1110	0.493803
1111	0.507836
1112	0.499158
1113	0.509005
1114	0.509046
1115	0.52386
1116	0.498758
1117	0.492511
1118	0.50958
1119	0.49299
1120	0.509333
1121	0.524114
1122	0.48942
1123	0.497091
1124	0.500704
1125	0.489582
1126	0.51954
1127	0.49359
1128	0.497884
1129	0.505841
1130	0.500822
1131	0.499954
1132	0.49089
1133	0.502833
1134	0.506587
1135	0.493005
1136	0.495735
1137	0.498172
1138	0.507611
1139	0.496038
1140	0.499059
1141	0.502303
1142	0.513424
1143	0.499946
1144	0.505894
1145	0.497642
1146	0.525448
1147	0.498394
1148	0.523225
1149	0.498736
1150	0.499778
1151	0.498453
1152	0.516661
1153	0.499987
1154	0.50894
1155	0.494556
1156	0.493904
1157	0.490695
1158	0.491345
1159	0.49411
1160	0.500068
1161	0.500396
1162	0.513351
1163	0.500569
1164	0.515487
1165	0.500692
1166	0.51863
1167	0.499463
1168	0.5005
1169	0.495013
1170	0.502074
1171	0.497169
1172	0.489042
1173	0.512903
1174	0.517787
1175	0.503354
1176	0.497744
1177	0.512634
1178	0.518122
1179	0.498926
1180	0.50926
1181	0.50946
1182	0.494098
1183	0.507857
1184	0.500902
1185	0.503127
1186	0.499433
1187	0.495756
1188	0.4963
1189	0.499007
1190	0.497298
1191	0.515571
1192	0.507223
1193	0.520246
1194	0.494473
1195	0.49466
1196	0.489472
1197	0.508749
1198	0.502049
1199	0.508054
1200	0.487791
1201	0.492468
1202	0.505904
1203	0.488364
1204	0.507796
1205	0.509425
1206	0.49502
1207	0.504553
1208	0.491328
1209	0.498458
1210	0.502092
1211	0.520346
1212	0.505505
1213	0.51302
1214	0.488264
1215	0.494976
1216	0.493701
1217	0.497773
1218	0.505176
1219	0.492426
1220	0.501532
1221	0.498773
1222	0.501731
1223	0.51543
1224	0.507822
1225	0.509958
1226	0.494666
1227	0.505952
1228	0.50351
1229	0.501699
1230	0.495392
1231	0.507373
1232	0.503584
1233	0.50969
1234	0.490891
1235	0.505139
1236	0.488622
1237	0.494191
1238	0.488532
1239	0.491671
1240	0.518814
1241	0.492464
1242	0.492366
1243	0.50115
1244	0.502056
1245	0.505459
1246	0.510456
1247	0.504607
1248	0.505327
1249	0.503918
1250	0.506602
1251	0.476468
1252	0.496994
1253	0.493423
1254	0.492433
1255	0.488233
1256	0.498153
1257	0.505629
1258	0.4868
1259	0.504966
1260	0.490904
1261	0.492425
1262	0.496706
1263	0.481636
1264	0.493718
1265	0.491846
1266	0.507352
1267	0.489414
1268	0.48693
1269	0.499875
1270	0.493883
1271	0.499601
1272	0.51973
1273	0.510781
1274	0.499122
1275	0.487871
1276	0.504317
1277	0.51667
1278	0.498199
1279	0.483096
1280	0.484275
1281	0.49246
1282	0.50228
1283	0.512127
1284	0.511235
1285	0.493536
1286	0.50019
1287	0.494131
1288	0.495232
1289	0.499106
1290	0.511333
1291	0.496661
1292	0.509369
1293	0.496812
1294	0.49704
1295	0.493563
1296	0.499033
1297	0.494752
1298	0.471736
1299	0.503992
1300	0.5005
1301	0.510928
1302	0.505272
1303	0.488848
1304	0.504844
1305	0.496993
1306	0.510601
1307	0.506029
1308	0.501215
1309	0.496732
1310	0.496371
1311	0.496793
1312	0.497735
1313	0.50515
1314	0.492144
1315	0.507886
1316	0.492603
1317	0.502024
1318	0.497863
1319	0.50431
1320	0.503128
1321	0.493021
1322	0.512206
1323	0.506913
1324	0.501583
1325	0.508957
1326	0.5091
1327	0.508079
1328	0.495482
1329	0.507983
1330	0.484894
1331	0.511882
1332	0.49958
1333	0.495337
1334	0.50062
1335	0.511477
1336	0.504875
1337	0.504815
1338	0.500864
1339	0.491418
1340	0.502894
1341	0.501884
1342	0.48112
1343	0.503763
1344	0.500836
1345	0.511307
1346	0.492108
1347	0.488596
1348	0.492266
1349	0.494002
1350	0.487172
1351	0.510431
1352	0.500358
1353	0.488899
1354	0.505468
1355	0.488257
1356	0.510732
1357	0.501243
1358	0.504218
1359	0.499956
1360	0.492121
1361	0.490305
1362	0.503413
1363	0.498526
1364	0.507743
1365	0.493465
1366	0.510002
1367	0.51064
1368	0.494966
1369	0.505977
1370	0.499239
1371	0.50745
1372	0.499523
1373	0.50854
1374	0.495143
1375	0.491215
1376	0.500759
1377	0.489313
1378	0.503082
1379	0.492502
1380	0.502192
1381	0.505913
1382	0.499593
1383	0.508263
1384	0.500548
1385	0.504335
1386	0.50954
1387	0.48669
1388	0.51826
1389	0.513693
1390	0.515592
1391	0.510637
1392	0.482671
1393	0.489248
1394	0.494543
1395	0.494762
1396	0.491811
1397	0.480641
1398	0.486548
1399	0.517197
1400	0.487376
1401	0.506396
1402	0.502619
1403	0.502249
1404	0.511917
1405	0.509655
1406	0.486388
1407	0.513849
1408	0.498885
1409	0.480673
1410	0.504081
1411	0.518431
1412	0.500016
1413	0.507291
1414	0.50663
1415	0.489171
1416	0.508127
1417	0.49611
1418	0.491959
1419	0.486402
1420	0.494396
1421	0.502524
1422	0.507466
1423	0.497819
1424	0.507546
1425	0.505256
1426	0.505741
1427	0.490185
1428	0.511687
1429	0.491046
1430	0.508687
1431	0.505466
1432	0.506302
1433	0.500914
1434	0.514549
1435	0.514281
1436	0.507945
1437	0.499403
1438	0.501417
1439	0.510275
1440	0.499677
1441	0.502946
1442	0.505884
1443	0.501489
1444	0.510102
1445	0.497194
1446	0.505895
1447	0.49978
1448	0.495081
1449	0.495712
1450	0.497675
1451	0.503173
1452	0.495729
1453	0.48607
1454	0.501612
1455	0.504546
1456	0.494099
1457	0.497972
1458	0.496656
1459	0.496349
1460	0.507328
1461	0.494652
1462	0.492046
1463	0.503735
1464	0.488113
1465	0.498152
1466	0.498038
1467	0.497279
1468	0.487242
1469	0.491849
1470	0.501784
1471	0.500973
1472	0.502123
1473	0.491663
1474	0.487119
1475	0.498706
1476	0.502859
1477	0.502773
1478	0.499249
1479	0.497812
1480	0.505733
1481	0.503764
1482	0.492827
1483	0.484951
1484	0.506885
1485	0.500141
1486	0.506446
1487	0.493753
1488	0.489136
1489	0.499846
1490	0.510223
1491	0.506612
1492	0.496512
1493	0.496954
1494	0.489285
1495	0.496594
1496	0.506587
1497	0.496068
1498	0.493953
1499	0.497147
1500	0.500402
1501	0.488593
1502	0.498852
1503	0.493504
1504	0.505541
1505	0.498837
1506	0.493216
1507	0.496671
1508	0.486592
1509	0.488576
1510	0.509489
1511	0.506849
1512	0.504159
1513	0.489088
1514	0.494523
1515	0.502939
1516	0.491574
1517	0.501653
1518	0.503873
1519	0.484828
1520	0.506119
1521	0.497113
1522	0.495625
1523	0.500419
1524	0.493093
1525	0.498274
1526	0.492804
1527	0.505891
1528	0.496646
1529	0.499834
1530	0.488614
1531	0.504271
1532	0.505844
1533	0.498754
1534	0.497007
1535	0.510969
1536	0.502961
1537	0.486055
1538	0.492188
1539	0.506994
1540	0.501538
1541	0.499725
1542	0.491193
1543	0.493906
1544	0.497711
1545	0.493365
1546	0.504043
1547	0.489725
1548	0.485119
1549	0.497907
1550	0.484827
1551	0.499839
1552	0.498884
1553	0.489043
1554	0.499332
1555	0.501087
1556	0.499615
1557	0.499194
1558	0.492843
1559	0.505199
1560	0.49289
1561	0.498438
1562	0.489723
1563	0.50118
1564	0.497449
1565	0.504725
1566	0.505789
1567	0.499562
1568	0.503366
1569	0.511286
1570	0.497083
1571	0.492843
1572	0.49503
1573	0.509172
1574	0.504035
1575	0.490491
1576	0.498283
1577	0.510642
1578	0.49061
1579	0.503252
1580	0.501039
1581	0.491926
1582	0.497603
1583	0.506803
1584	0.503954
1585	0.501543
1586	0.500732
1587	0.516327
1588	0.521591
1589	0.48959
1590	0.499638
1591	0.491695
1592	0.494485
1593	0.486153
1594	0.492775
1595	0.502605
1596	0.510324
1597	0.490295
1598	0.49174
1599	0.499893
1600	0.513771
1601	0.506015
1602	0.508354
1603	0.50582
1604	0.485926
1605	0.506907
1606	0.49862
1607	0.496963
1608	0.502495
1609	0.49866
1610	0.488295
1611	0.504335
1612	0.502127
1613	0.500615
1614	0.508869
1615	0.497873
1616	0.50356
1617	0.495223
1618	0.500266
1619	0.493226
1620	0.498003
1621	0.49696
1622	0.502525
1623	0.507633
1624	0.489526
1625	0.507341
1626	0.493245
1627	0.505366
1628	0.503657
1629	0.496755
1630	0.504632
1631	0.503214
1632	0.487868
1633	0.516439
1634	0.503388
1635	0.485622
1636	0.504359
1637	0.509054
1638	0.497393
1639	0.503651
1640	0.49616
1641	0.515631
1642	0.509837
1643	0.499781
1644	0.503232
1645	0.495435
1646	0.489904
1647	0.489804
1648	0.496972
1649	0.498251
1650	0.491255
1651	0.509239
1652	0.510455
1653	0.502705
1654	0.490629
1655	0.505238
1656	0.486824
1657	0.502306
1658	0.500394
1659	0.515193
1660	0.49024
1661	0.500942
1662	0.494289
1663	0.497435
1664	0.508364
1665	0.496419
1666	0.506476
1667	0.502121
1668	0.507249
1669	0.515
1670	0.496661
1671	0.505355
1672	0.50429
1673	0.512549
1674	0.497233
1675	0.497182
1676	0.508947
1677	0.502523
1678	0.500709
1679	0.502321
1680	0.488691
1681	0.495599
1682	0.495579
1683	0.496353
1684	0.494601
1685	0.497319
1686	0.505604
1687	0.504999
1688	0.502609
1689	0.491601
1690	0.506302
1691	0.499527
1692	0.487598
1693	0.487849
1694	0.498821
1695	0.513826
1696	0.499375
1697	0.494519
1698	0.489492
1699	0.489201
1700	0.505114
1701	0.496403
1702	0.493662
1703	0.504227
1704	0.492263
1705	0.486148
1706	0.504156
1707	0.505208
1708	0.495757
1709	0.500218
1710	0.508528
1711	0.505612
1712	0.504235
1713	0.503492
1714	0.509593
1715	0.510414
1716	0.499024
1717	0.507859
1718	0.503948
1719	0.499508
1720	0.504543
1721	0.499783
1722	0.500745
1723	0.500563
1724	0.49543
1725	0.502989
1726	0.500212
1727	0.496555
1728	0.511304
1729	0.508524
1730	0.493445
1731	0.494548
1732	0.497008
1733	0.498785
1734	0.502543
1735	0.501383
1736	0.495682
1737	0.500375
1738	0.510677
1739	0.494758
1740	0.501903
1741	0.49389
1742	0.493312
1743	0.491209
1744	0.488373
1745	0.497559
1746	0.503532
1747	0.508354
1748	0.507204
1749	0.502337
1750	0.491579
1751	0.49463
1752	0.513104
1753	0.492081
1754	0.503837
1755	0.510259
1756	0.496596
1757	0.512345
1758	0.51355
1759	0.497436
1760	0.500757
1761	0.513129
1762	0.5001
1763	0.502348
1764	0.492461
1765	0.491282
1766	0.50237
1767	0.498484
1768	0.496291
1769	0.500336
1770	0.504434
1771	0.51002
1772	0.499846
1773	0.511592
1774	0.493296
1775	0.502524
1776	0.509402
1777	0.50519
1778	0.491288
1779	0.503018
1780	0.505103
1781	0.508233
1782	0.499683
1783	0.491275
1784	0.498135
1785	0.503318
1786	0.503325
1787	0.50877
1788	0.489315
1789	0.504863
1790	0.500746
1791	0.507526
1792	0.499008
1793	0.498039
1794	0.512449
1795	0.513389
1796	0.497111
1797	0.497329
1798	0.506917
1799	0.500817
1800	0.498367
1801	0.493661
1802	0.512627
1803	0.511442
1804	0.503471
1805	0.492152
1806	0.510056
1807	0.501669
1808	0.497584
1809	0.508441
1810	0.499953
1811	0.505568
1812	0.488596
1813	0.503895
1814	0.501385
1815	0.493896
1816	0.506581
1817	0.502235
1818	0.49643
1819	0.499359
1820	0.505524
1821	0.485286
1822	0.496444
1823	0.49133
1824	0.492441
1825	0.508093
1826	0.491439
1827	0.496876
1828	0.497119
1829	0.496762
1830	0.506369
1831	0.499834
1832	0.498299
1833	0.505566
1834	0.482906
1835	0.510357
1836	0.50395
1837	0.505583
1838	0.514901
1839	0.499209
1840	0.50438
1841	0.511315
1842	0.500211
1843	0.493409
1844	0.499968
1845	0.495766
1846	0.497966
1847	0.48832
1848	0.505312
1849	0.492201
1850	0.487874
1851	0.499174
1852	0.492887
1853	0.514138
1854	0.519146
1855	0.49617
1856	0.513641
1857	0.511225
1858	0.501622
1859	0.515061
1860	0.498401
1861	0.493307
1862	0.497754
1863	0.499379
1864	0.516309
1865	0.509578
1866	0.50556
1867	0.501221
1868	0.497853
1869	0.513727
1870	0.497921
1871	0.49905
1872	0.504507
1873	0.501918
1874	0.488987
1875	0.499267
1876	0.502881
1877	0.497144
1878	0.493502
1879	0.513382
1880	0.508614
1881	0.495837
1882	0.502989
1883	0.503353
1884	0.506601
1885	0.496424
1886	0.501992
1887	0.503459
1888	0.499692
1889	0.502182
1890	0.492791
1891	0.496766
1892	0.505874
1893	0.508138
1894	0.496435
1895	0.495436
1896	0.505772
1897	0.489688
1898	0.494781
1899	0.496003
1900	0.490313
1901	0.490676
1902	0.508399
1903	0.506148
1904	0.486895
1905	0.496643
1906	0.50817
1907	0.507247
1908	0.50002
1909	0.509604
1910	0.500326
1911	0.501926
1912	0.497801
1913	0.485252
1914	0.498163
1915	0.495018
1916	0.502541
1917	0.493324
1918	0.481784
1919	0.497588
1920	0.50008
1921	0.513118
1922	0.49729
1923	0.500498
1924	0.498004
1925	0.510697
1926	0.501817
1927	0.494237
1928	0.505483
1929	0.504604
1930	0.494404
1931	0.501834
1932	0.503565
1933	0.503311
1934	0.493701
1935	0.507123
1936	0.495275
1937	0.506151
1938	0.490163
1939	0.499456
1940	0.507637
1941	0.50161
1942	0.508928
1943	0.497778
1944	0.496907
1945	0.503233
1946	0.502097
1947	0.490248
1948	0.500384
1949	0.503943
1950	0.509896
1951	0.506483
1952	0.508598
1953	0.498704
1954	0.50037
1955	0.506717
1956	0.483602
1957	0.498868
1958	0.500625
1959	0.495919
1960	0.502004
1961	0.496864
1962	0.489377
1963	0.491661
1964	0.504719
1965	0.502019
1966	0.509434
1967	0.504079
1968	0.494601
1969	0.505671
1970	0.492602
1971	0.487935
1972	0.502668
1973	0.508837
1974	0.500307
1975	0.49973
1976	0.498314
1977	0.496481
1978	0.49615
1979	0.504385
1980	0.496071
1981	0.502442
1982	0.506741
1983	0.505629
1984	0.504067
1985	0.497858
1986	0.49427
1987	0.507471
1988	0.494802
1989	0.501536
1990	0.501533
1991	0.487789
1992	0.491532
1993	0.502679
1994	0.50722
1995	0.502035
1996	0.500798
1997	0.496595
1998	0.506015
1999	0.503689
2000	0.505791
2001	0.492133
2002	0.503966
2003	0.503598
2004	0.505154
2005	0.492956
2006	0.499995
2007	0.512778
2008	0.495587
2009	0.504266
2010	0.500127
2011	0.501207
2012	0.498916
2013	0.492491
2014	0.493562
2015	0.495488
2016	0.500567
2017	0.499459
2018	0.49693
2019	0.498854
2020	0.492077
2021	0.485882
2022	0.493799
2023	0.494098
2024	0.510693
2025	0.499158
2026	0.500092
2027	0.504579
2028	0.49854
2029	0.50899
2030	0.496013
2031	0.499898
2032	0.499384
2033	0.50243
2034	0.489275
2035	0.497266
2036	0.498161
2037	0.496996
2038	0.497966
2039	0.512135
2040	0.502934
2041	0.493217
2042	0.501633
2043	0.494172
2044	0.50408
2045	0.499892
2046	0.510683
2047	0.505232
2048	0.490428
2049	0.496336
2050	0.509432
2051	0.496111
2052	0.494033
2053	0.49743
2054	0.506652
2055	0.496091
2056	0.496177
2057	0.506442
2058	0.501217
2059	0.49826
2060	0.493687
2061	0.501338
2062	0.51483
2063	0.507208
2064	0.496289
2065	0.503613
2066	0.50559
2067	0.498076
2068	0.487167
2069	0.499671
2070	0.501074
2071	0.501366
2072	0.494667
2073	0.498786
2074	0.486455
2075	0.497592
2076	0.488788
2077	0.501839
2078	0.499035
2079	0.494153
2080	0.508816
2081	0.504974
2082	0.511477
2083	0.499343
2084	0.505711
2085	0.50229
2086	0.498306
2087	0.500772
2088	0.495398
2089	0.496143
2090	0.490866
2091	0.500913
2092	0.498052
2093	0.498846
2094	0.49617
2095	0.515018
2096	0.502807
2097	0.499604
2098	0.500462
2099	0.504429
2100	0.498767
2101	0.494825
2102	0.500314
2103	0.509579
2104	0.493254
2105	0.50392
2106	0.50132
2107	0.505512
2108	0.504235
2109	0.498708
2110	0.504801
2111	0.50173
2112	0.511116
2113	0.497754
2114	0.504564
2115	0.507709
2116	0.496868
2117	0.504461
2118	0.489686
2119	0.507161
2120	0.490162
2121	0.503274
2122	0.487479
2123	0.496763
2124	0.490226
2125	0.506275
2126	0.501173
2127	0.515663
2128	0.494757
2129	0.496319
2130	0.481604
2131	0.517563
2132	0.499758
2133	0.50466
2134	0.49538
2135	0.495651
2136	0.499639
2137	0.500846
2138	0.500077
2139	0.507534
2140	0.495698
2141	0.501409
2142	0.499684
2143	0.499151
2144	0.494495
2145	0.497914
2146	0.506587
2147	0.486723
2148	0.494865
2149	0.502361
2150	0.490406
2151	0.49044
2152	0.48605
2153	0.497342
2154	0.507161
2155	0.496288
2156	0.482926
2157	0.50697
2158	0.497138
2159	0.492441
2160	0.512727
2161	0.501343
2162	0.508219
2163	0.506959
2164	0.510566
2165	0.504478
2166	0.510126
2167	0.502767
2168	0.497546
2169	0.504042
2170	0.503013
2171	0.491747
2172	0.49905
2173	0.492239
2174	0.496271
2175	0.499449
2176	0.492941
2177	0.506275
2178	0.494095
2179	0.504559
2180	0.497353
2181	0.48676
2182	0.498156
2183	0.501568
2184	0.502382
2185	0.492245
2186	0.507532
2187	0.493437
2188	0.4921
2189	0.49623
2190	0.504052
2191	0.504999
2192	0.490782
2193	0.502659
2194	0.481164
2195	0.504966
2196	0.508837
2197	0.511964
2198	0.498392
2199	0.510221
2200	0.501944
2201	0.492565
2202	0.488889
2203	0.496859
2204	0.493015
2205	0.500257
2206	0.499226
2207	0.498565
2208	0.500255
2209	0.499532
2210	0.506133
2211	0.495588
2212	0.496964
2213	0.508049
2214	0.50539
2215	0.506323
2216	0.504383
2217	0.510868
2218	0.519481
2219	0.504049
2220	0.501507
2221	0.500087
2222	0.512877
2223	0.501027
2224	0.497876
2225	0.487869
2226	0.501549
2227	0.504224
2228	0.496639
2229	0.493792
2230	0.496507
2231	0.502832
2232	0.492233
2233	0.509604
2234	0.504836
2235	0.503263
2236	0.50428
2237	0.4963
2238	0.497755
2239	0.503648
2240	0.492958
2241	0.503642
2242	0.480494
2243	0.504275
2244	0.498114
2245	0.495428
2246	0.502309
2247	0.493117
2248	0.497274
2249	0.498016
2250	0.502341
2251	0.502831
2252	0.506688
2253	0.507716
2254	0.491552
2255	0.506746
2256	0.504835
2257	0.491907
2258	0.499523
2259	0.494847
2260	0.510619
2261	0.509276
2262	0.505547
2263	0.503079
2264	0.496863
2265	0.491334
2266	0.489363
2267	0.504918
2268	0.503082
2269	0.493882
2270	0.511143
2271	0.507881
2272	0.491314
2273	0.49913
2274	0.505736
2275	0.510232
2276	0.488429
2277	0.495385
2278	0.497158
2279	0.500207
2280	0.497102
2281	0.502849
2282	0.484269
2283	0.494402
2284	0.493942
2285	0.500976
2286	0.501159
2287	0.510623
2288	0.506538
2289	0.497014
2290	0.503382
2291	0.497597
2292	0.497815
2293	0.491791
2294	0.5029
2295	0.495121
2296	0.495345
2297	0.500591
2298	0.491794
2299	0.503027
2300	0.510558
2301	0.506075
2302	0.506666
2303	0.502581
2304	0.495474
2305	0.49523
2306	0.507534
2307	0.501904
2308	0.496187
2309	0.505764
2310	0.495448
2311	0.505193
2312	0.501817
2313	0.501149
2314	0.495625
2315	0.49552
2316	0.497482
2317	0.492745
2318	0.505228
2319	0.514538
2320	0.493488
2321	0.503859
2322	0.504408
2323	0.500067
2324	0.507648
2325	0.497709
2326	0.504025
2327	0.503754
2328	0.496736
2329	0.500745
2330	0.499361
2331	0.507084
2332	0.496149
2333	0.499523
2334	0.490941
2335	0.498572
2336	0.507769
2337	0.501224
2338	0.4946
2339	0.495908
2340	0.501581
2341	0.495161
2342	0.493666
2343	0.487057
2344	0.494592
2345	0.499111
2346	0.501424
2347	0.501706
2348	0.501559
2349	0.510164
2350	0.497175
2351	0.50507
2352	0.499252
2353	0.491443
2354	0.500543
2355	0.502078
2356	0.501567
2357	0.494246
2358	0.491963
2359	0.495272
2360	0.502832
2361	0.502062
2362	0.494284
2363	0.503698
2364	0.503712
2365	0.512851
2366	0.512289
2367	0.506129
2368	0.500004
2369	0.504335
2370	0.502386
2371	0.509237
2372	0.497671
2373	0.495761
2374	0.497127
2375	0.4979
2376	0.498631
2377	0.500837
2378	0.506604
2379	0.500709
2380	0.508898
2381	0.504487
2382	0.491535
2383	0.503881
2384	0.496
2385	0.505617
2386	0.49169
2387	0.500876
2388	0.497487
2389	0.507168
2390	0.497283
2391	0.507116
2392	0.510281
2393	0.504075
2394	0.489977
2395	0.500123
2396	0.507524
2397	0.496513
2398	0.501093
2399	0.500255
2400	0.49585
2401	0.504771
2402	0.498832
2403	0.504153
2404	0.497381
2405	0.502488
2406	0.501029
2407	0.497984
2408	0.495147
2409	0.50003
2410	0.502704
2411	0.504801
2412	0.49921
2413	0.496444
2414	0.511311
2415	0.499816
2416	0.493311
2417	0.506376
2418	0.496499
2419	0.499837
2420	0.485022
2421	0.503599
2422	0.483819
2423	0.494026
2424	0.513749
2425	0.495738
2426	0.501728
2427	0.508746
2428	0.49959
2429	0.495891
2430	0.496042
2431	0.50347
2432	0.498716
2433	0.509383
2434	0.498031
2435	0.502099
2436	0.507511
2437	0.49253
2438	0.506246
2439	0.51412
2440	0.494087
2441	0.491162
2442	0.498583
2443	0.496625
2444	0.506334
2445	0.495063
2446	0.491714
2447	0.502379
2448	0.508305
2449	0.499902
2450	0.504147
2451	0.501788
2452	0.493348
2453	0.500865
2454	0.504974
2455	0.501515
2456	0.502348
2457	0.505197
2458	0.511548
2459	0.49535
2460	0.501866
2461	0.487294
2462	0.492836
2463	0.495694
2464	0.510057
2465	0.499835
2466	0.494334
2467	0.508368
2468	0.496664
2469	0.504909
2470	0.498671
2471	0.501662
2472	0.497843
2473	0.49192
2474	0.496609
2475	0.497619
2476	0.499994
2477	0.507555
2478	0.505307
2479	0.503546
2480	0.498171
2481	0.498755
2482	0.494715
2483	0.508087
2484	0.487147
2485	0.491886
2486	0.493956
2487	0.488983
2488	0.50414
2489	0.490256
2490	0.498761
2491	0.496373
2492	0.496055
2493	0.500192
2494	0.498234
2495	0.500191
2496	0.500605
2497	0.494544
2498	0.497991
2499	0.502983
2500	0.504447
2501	0.500035
2502	0.498877
2503	0.495144
2504	0.494895
2505	0.490084
2506	0.495827
2507	0.49919
2508	0.500685
2509	0.497037
2510	0.494242
2511	0.509
2512	0.496498
2513	0.50381
2514	0.491843
2515	0.499882
2516	0.511371
2517	0.505774
2518	0.509655
2519	0.502568
2520	0.50188
2521	0.506124
2522	0.500805
2523	0.497751
2524	0.500212
2525	0.504376
2526	0.492865
2527	0.496386
2528	0.498498
2529	0.498367
2530	0.500896
2531	0.50615
2532	0.499886
2533	0.499143
2534	0.498723
2535	0.498208
2536	0.502439
2537	0.500832
2538	0.495259
2539	0.505008
2540	0.501221
2541	0.495741
2542	0.487297
2543	0.501728
2544	0.506613
2545	0.498941
2546	0.503363
2547	0.498511
2548	0.491087
2549	0.495569
2550	0.502041
2551	0.495503
2552	0.500453
2553	0.497035
2554	0.495196
2555	0.499382
2556	0.503414
2557	0.489424
2558	0.500068
2559	0.493192
2560	0.504394
2561	0.497824
2562	0.48978
2563	0.509285
2564	0.498885
2565	0.50082
2566	0.504779
2567	0.498628
2568	0.506133
2569	0.503003
2570	0.503599
2571	0.498217
2572	0.492138
2573	0.494865
2574	0.500056
2575	0.4961
2576	0.502636
2577	0.496185
2578	0.500915
2579	0.498895
2580	0.491967
2581	0.496235
2582	0.497791
2583	0.498663
2584	0.49528
2585	0.504148
2586	0.496016
2587	0.504063
2588	0.507704
2589	0.508908
2590	0.503275
2591	0.492693
2592	0.498514
2593	0.495645
2594	0.503155
2595	0.503986
2596	0.490029
2597	0.498817
2598	0.496199
2599	0.50646
2600	0.500838
2601	0.495394
2602	0.493972
2603	0.509392
2604	0.500559
2605	0.491858
2606	0.503417
2607	0.498208
2608	0.494106
2609	0.504342
2610	0.506011
2611	0.498584
2612	0.491111
2613	0.508522
2614	0.496474
2615	0.495963
2616	0.502658
2617	0.497452
2618	0.491634
2619	0.51069
2620	0.495181
2621	0.505418
2622	0.504084
2623	0.503764
2624	0.499397
2625	0.492873
2626	0.491781
2627	0.49979
2628	0.510779
2629	0.499692
2630	0.494397
2631	0.491361
2632	0.494192
2633	0.495029
2634	0.503254
2635	0.49359
2636	0.50903
2637	0.506204
2638	0.49792
2639	0.499408
2640	0.499168
2641	0.491552
2642	0.501818
2643	0.502753
2644	0.496578
2645	0.499377
2646	0.493297
2647	0.504888
2648	0.491987
2649	0.509404
2650	0.490007
2651	0.505285
2652	0.508724
2653	0.5003
2654	0.500012
2655	0.500084
2656	0.503179
2657	0.492593
2658	0.488309
2659	0.499246
2660	0.497486
2661	0.506122
2662	0.49096
2663	0.504277
2664	0.508801
2665	0.494645
2666	0.499531
2667	0.488484
2668	0.50424
2669	0.491791
2670	0.503668
2671	0.495033
2672	0.492738
2673	0.493466
2674	0.501964
2675	0.495564
2676	0.495407
2677	0.500204
2678	0.514425
2679	0.505664
2680	0.500463
2681	0.497161
2682	0.510373
2683	0.497409
2684	0.503008
2685	0.50354
2686	0.500707
2687	0.497646
2688	0.50646
2689	0.503758
2690	0.488241
2691	0.490395
2692	0.509794
2693	0.497681
2694	0.490954
2695	0.492523
2696	0.497839
2697	0.491803
2698	0.509932
2699	0.497783
2700	0.500068
2701	0.499484
2702	0.508428
2703	0.497333
2704	0.497027
2705	0.497081
2706	0.493998
2707	0.500019
2708	0.489903
2709	0.494756
2710	0.489274
2711	0.499381
2712	0.50736
2713	0.501323
2714	0.499263
2715	0.502808
2716	0.498415
2717	0.48853
2718	0.490393
2719	0.500272
2720	0.499977
2721	0.498808
2722	0.507537
2723	0.499261
2724	0.503075
2725	0.499582
2726	0.505117
2727	0.504113
2728	0.505973
2729	0.498363
2730	0.511629
2731	0.49603
2732	0.496043
2733	0.501531
2734	0.504222
2735	0.506564
2736	0.492848
2737	0.503393
2738	0.49712
2739	0.498501
2740	0.497427
2741	0.493657
2742	0.507758
2743	0.494616
2744	0.49602
2745	0.497396
2746	0.488745
2747	0.494851
2748	0.49273
2749	0.502457
2750	0.496576
2751	0.498726
2752	0.495792
2753	0.497024
2754	0.507311
2755	0.498944
2756	0.501712
2757	0.500461
2758	0.491096
2759	0.498379
2760	0.497347
2761	0.502211
2762	0.500938
2763	0.490956
2764	0.504906
2765	0.497976
2766	0.498971
2767	0.498172
2768	0.504323
2769	0.509094
2770	0.501093
2771	0.502847
2772	0.50691
2773	0.503866
2774	0.494469
2775	0.500377
2776	0.491409
2777	0.498078
2778	0.490289
2779	0.498241
2780	0.506278
2781	0.495806
2782	0.489739
2783	0.500439
2784	0.508784
2785	0.503898
2786	0.506049
2787	0.497208
2788	0.509015
2789	0.496645
2790	0.508796
2791	0.503198
2792	0.4941
2793	0.488914
2794	0.503637
2795	0.506056
2796	0.502094
2797	0.497761
2798	0.504098
2799	0.50268
2800	0.496372
2801	0.49599
2802	0.503575
2803	0.50115
2804	0.500765
2805	0.505214
2806	0.498889
2807	0.490675
2808	0.501431
2809	0.504728
2810	0.50231
2811	0.497025
2812	0.501305
2813	0.494799
2814	0.494926
2815	0.502852
2816	0.501037
2817	0.500768
2818	0.505338
2819	0.502799
2820	0.512975
2821	0.498324
2822	0.501553
2823	0.49302
2824	0.501162
2825	0.504363
2826	0.494335
2827	0.493611
2828	0.502767
2829	0.501486
2830	0.492239
2831	0.494349
2832	0.503013
2833	0.503707
2834	0.499747
2835	0.500937
2836	0.492934
2837	0.505041
2838	0.499791
2839	0.500763
2840	0.488262
2841	0.49238
2842	0.507686
2843	0.501113
2844	0.505796
2845	0.500354
2846	0.494817
2847	0.489623
2848	0.499591
2849	0.493082
2850	0.504807
2851	0.504219
2852	0.498304
2853	0.493935
2854	0.500954
2855	0.490847
2856	0.495957
2857	0.489209
2858	0.492375
2859	0.498387
2860	0.504656
2861	0.496148
2862	0.496502
2863	0.501429
2864	0.497049
2865	0.506269
2866	0.502644
2867	0.508436
2868	0.50582
2869	0.493649
2870	0.493115
2871	0.500988
2872	0.500389
2873	0.49149
2874	0.510074
2875	0.490801
2876	0.507207
2877	0.503599
2878	0.50674
2879	0.504914
2880	0.503543
2881	0.495393
2882	0.507045
2883	0.497432
2884	0.495813
2885	0.50844
2886	0.49923
2887	0.491635
2888	0.498455
2889	0.497098
2890	0.507059
2891	0.500194
2892	0.50903
2893	0.499662
2894	0.496164
2895	0.496989
2896	0.501507
2897	0.497398
2898	0.497613
2899	0.499874
2900	0.501497
2901	0.502337
2902	0.500961
2903	0.495661
2904	0.498036
2905	0.491458
2906	0.501751
2907	0.504613
2908	0.501071
2909	0.494887
2910	0.501692
2911	0.492931
2912	0.504435
2913	0.502241
2914	0.501958
2915	0.492863
2916	0.4965
2917	0.504166
2918	0.49593
2919	0.498309
2920	0.494477
2921	0.496972
2922	0.503248
2923	0.502493
2924	0.505761
2925	0.495795
2926	0.504327
2927	0.502261
2928	0.50077
2929	0.50945
2930	0.499415
2931	0.51102
2932	0.498883
2933	0.505232
2934	0.505712
2935	0.50608
2936	0.496566
2937	0.498925
2938	0.494825
2939	0.50058
2940	0.500048
2941	0.494648
2942	0.49994
2943	0.486725
2944	0.509037
2945	0.491817
2946	0.496266
2947	0.500581
2948	0.495737
2949	0.496326
2950	0.497141
2951	0.503578
2952	0.495092
2953	0.499786
2954	0.503255
2955	0.489031
2956	0.507383
2957	0.501158
2958	0.504855
2959	0.497049
2960	0.500062
2961	0.501444
2962	0.494211
2963	0.495463
2964	0.497069
2965	0.494419
2966	0.494613
2967	0.492311
2968	0.511239
2969	0.497307
2970	0.49184
2971	0.504514
2972	0.496948
2973	0.498834
2974	0.500081
2975	0.499084
2976	0.500513
2977	0.499618
2978	0.495097
2979	0.499641
2980	0.50272
2981	0.506776
2982	0.508048
2983	0.50075
2984	0.49802
2985	0.489126
2986	0.499327
2987	0.498423
2988	0.497643
2989	0.507446
2990	0.506743
2991	0.506075
2992	0.493542
2993	0.497839
2994	0.500502
2995	0.500503
2996	0.499379
2997	0.49321
2998	0.500495
2999	0.501372
3000	0.507166
3001	0.50022
3002	0.499239
3003	0.493379
3004	0.505034
3005	0.50273
3006	0.489462
3007	0.497217
3008	0.500816
3009	0.503942
3010	0.498371
3011	0.503043
3012	0.491888
3013	0.501806
3014	0.499109
3015	0.49021
3016	0.49892
3017	0.502417
3018	0.498939
3019	0.503199
3020	0.493573
3021	0.506471
3022	0.504025
3023	0.504181
3024	0.501222
3025	0.49536
3026	0.497322
3027	0.498542
3028	0.505165
3029	0.499235
3030	0.501306
3031	0.493276
3032	0.489
3033	0.504274
3034	0.50437
3035	0.495607
3036	0.501235
3037	0.498231
3038	0.502997
3039	0.489262
3040	0.498524
3041	0.503746
3042	0.508931
3043	0.49799
3044	0.50359
3045	0.499043
3046	0.49942
3047	0.497961
3048	0.49866
3049	0.502358
3050	0.48395
3051	0.49902
3052	0.497842
3053	0.492978
3054	0.502389
3055	0.501642
3056	0.490354
3057	0.500311
3058	0.490673
3059	0.494181
3060	0.494303
3061	0.503951
3062	0.501
3063	0.501176
3064	0.503392
3065	0.495699
3066	0.499602
3067	0.496337
3068	0.510141
3069	0.508758
3070	0.499142
3071	0.494037
3072	0.503611
3073	0.49597
3074	0.500138
3075	0.491652
3076	0.496271
3077	0.493487
3078	0.494223
3079	0.508565
3080	0.501069
3081	0.50532
3082	0.497235
3083	0.493951
3084	0.493291
3085	0.508784
3086	0.499731
3087	0.503973
3088	0.497284
3089	0.50562
3090	0.495272
3091	0.508518
3092	0.506416
3093	0.496085
3094	0.500991
3095	0.494022
3096	0.497892
3097	0.497264
3098	0.498166
3099	0.499233
3100	0.508598
3101	0.487866
3102	0.50275
3103	0.498788
3104	0.502483
3105	0.508058
3106	0.48496
3107	0.500369
3108	0.50445
3109	0.497793
3110	0.487888
3111	0.497689
3112	0.504387
3113	0.495587
3114	0.503659
3115	0.502567
3116	0.495263
3117	0.500033
3118	0.497751
3119	0.499235
3120	0.490545
3121	0.496211
3122	0.502024
3123	0.503905
3124	0.499491
3125	0.493321
3126	0.502174
3127	0.488786
3128	0.4919
3129	0.491828
3130	0.503013
3131	0.502095
3132	0.496113
3133	0.507506
3134	0.508465
3135	0.502469
3136	0.510797
3137	0.492028
3138	0.499582
3139	0.497134
3140	0.499132
3141	0.49445
3142	0.502895
3143	0.499256
3144	0.498958
3145	0.504452
3146	0.50336
3147	0.493706
3148	0.508613
3149	0.496609
3150	0.495991
3151	0.503551
3152	0.498619
3153	0.492423
3154	0.502024
3155	0.503115
3156	0.497203
3157	0.506514
3158	0.501728
3159	0.50453
3160	0.498937
3161	0.502051
3162	0.501607
3163	0.501788
3164	0.505997
3165	0.497566
3166	0.497054
3167	0.499878
3168	0.495879
3169	0.507411
3170	0.506912
3171	0.505436
3172	0.498157
3173	0.494869
3174	0.489104
3175	0.501601
3176	0.500975
3177	0.493784
3178	0.49941
3179	0.486706
3180	0.497071
3181	0.507517
3182	0.50009
3183	0.499565
3184	0.495705
3185	0.496312
3186	0.494356
3187	0.499923
3188	0.503389
3189	0.497576
3190	0.490465
3191	0.502021
3192	0.503405
3193	0.504365
3194	0.496398
3195	0.500109
3196	0.498501
3197	0.501543
3198	0.49391
3199	0.496751
3200	0.495966
3201	0.502381
3202	0.50296
3203	0.503574
3204	0.498596
3205	0.491942
3206	0.504491
3207	0.500148
3208	0.499402
3209	0.494315
3210	0.505722
3211	0.500818
3212	0.494833
3213	0.509353
3214	0.491252
3215	0.50176
3216	0.502955
3217	0.490885
3218	0.499632
3219	0.507941
3220	0.506726
3221	0.499459
3222	0.500884
3223	0.503171
3224	0.499521
3225	0.494703
3226	0.505596
3227	0.499095
3228	0.499159
3229	0.505725
3230	0.495292
3231	0.49734
3232	0.492902
3233	0.499479
3234	0.490429
3235	0.491075
3236	0.504315
3237	0.501632
3238	0.507798
3239	0.500024
3240	0.492766
3241	0.498443
3242	0.491583
3243	0.498044
3244	0.502246
3245	0.503571
3246	0.497652
3247	0.491331
3248	0.498679
3249	0.492632
3250	0.508443
3251	0.497409
3252	0.508806
3253	0.502798
3254	0.501221
3255	0.497897
3256	0.49971
3257	0.496036
3258	0.504958
3259	0.501505
3260	0.498303
3261	0.497697
3262	0.501283
3263	0.494877
3264	0.505855
3265	0.501204
3266	0.5062
3267	0.500406
3268	0.506936
3269	0.505126
3270	0.494244
3271	0.50447
3272	0.507616
3273	0.501409
3274	0.502605
3275	0.504903
3276	0.496584
3277	0.499593
3278	0.499678
3279	0.498203
3280	0.495701
3281	0.50833
3282	0.503497
3283	0.490997
3284	0.499715
3285	0.497741
3286	0.491659
3287	0.504286
3288	0.502044
3289	0.497944
3290	0.486658
3291	0.498828
3292	0.505596
3293	0.494105
3294	0.505251
3295	0.496877
3296	0.500877
3297	0.498141
3298	0.497149
3299	0.501581
3300	0.49912
3301	0.492221
3302	0.498854
3303	0.494533
3304	0.501469
3305	0.499838
3306	0.49577
3307	0.496406
3308	0.506285
3309	0.499189
3310	0.5044
3311	0.501313
3312	0.488634
3313	0.497364
3314	0.498287
3315	0.503557
3316	0.498357
3317	0.502793
3318	0.496721
3319	0.50324
3320	0.49361
3321	0.497273
3322	0.509326
3323	0.504504
3324	0.497309
3325	0.499437
3326	0.507959
3327	0.49819
3328	0.500682
3329	0.501562
3330	0.501905
3331	0.504134
3332	0.508096
3333	0.5025
3334	0.495843
3335	0.499882
3336	0.501587
3337	0.495153
3338	0.503022
3339	0.504736
3340	0.504262
3341	0.507219
3342	0.501172
3343	0.503631
3344	0.503452
3345	0.509613
3346	0.497027
3347	0.497559
3348	0.502061
3349	0.494386
3350	0.501987
3351	0.493272
3352	0.494551
3353	0.505117
3354	0.496573
3355	0.493455
3356	0.50222
3357	0.494883
3358	0.499316
3359	0.494588
3360	0.502461
3361	0.493247
3362	0.499505
3363	0.505455
3364	0.498849
3365	0.498634
3366	0.496827
3367	0.507284
3368	0.500377
3369	0.49205
3370	0.502448
3371	0.505464
3372	0.499472
3373	0.486307
3374	0.503932
3375	0.49861
3376	0.50118
3377	0.499222
3378	0.507782
3379	0.496739
3380	0.48874
3381	0.497477
3382	0.505268
3383	0.50285
3384	0.496781
3385	0.504689
3386	0.499682
3387	0.497985
3388	0.498429
3389	0.503346
3390	0.501909
3391	0.500017
3392	0.499085
3393	0.499553
3394	0.494387
3395	0.510701
3396	0.508944
3397	0.496177
3398	0.49694
3399	0.49812
3400	0.506401
3401	0.502641
3402	0.489552
3403	0.505335
3404	0.498179
3405	0.496452
3406	0.499501
3407	0.504862
3408	0.504737
3409	0.494733
3410	0.499146
3411	0.502496
3412	0.499835
3413	0.499666
3414	0.49521
3415	0.50075
3416	0.508289
3417	0.493478
3418	0.504938
3419	0.492075
3420	0.496991
3421	0.50408
3422	0.493469
3423	0.489251
3424	0.495922
3425	0.498714
3426	0.495303
3427	0.50227
3428	0.503905
3429	0.495379
3430	0.498597
3431	0.498063
3432	0.509796
3433	0.496776
3434	0.500588
3435	0.503142
3436	0.4985
3437	0.500691
3438	0.493323
3439	0.493932
3440	0.505611
3441	0.49758
3442	0.499077
3443	0.499753
3444	0.499693
3445	0.504493
3446	0.50391
3447	0.491844
3448	0.496107
3449	0.495816
3450	0.503274
3451	0.501199
3452	0.50066
3453	0.491074
3454	0.498953
3455	0.504371
3456	0.503277
3457	0.50106
3458	0.495134
3459	0.496533
3460	0.507968
3461	0.504031
3462	0.499279
3463	0.507942
3464	0.506751
3465	0.511822
3466	0.492624
3467	0.491432
3468	0.498823
3469	0.50494
3470	0.493288
3471	0.506159
3472	0.497815
3473	0.497902
3474	0.501157
3475	0.499343
3476	0.504802
3477	0.504993
3478	0.507702
3479	0.502967
3480	0.488723
3481	0.494037
3482	0.503799
3483	0.502236
3484	0.502231
3485	0.496081
3486	0.504855
3487	0.494419
3488	0.493413
3489	0.501871
3490	0.498234
3491	0.50322
3492	0.505139
3493	0.498074
3494	0.499449
3495	0.497324
3496	0.503206
3497	0.49819
3498	0.494081
3499	0.500692
3500	0.503764
3501	0.493386
3502	0.495309
3503	0.501544
3504	0.514845
3505	0.496941
3506	0.49181
3507	0.500784
3508	0.500414
3509	0.500889
3510	0.497472
3511	0.503207
3512	0.507476
3513	0.498015
3514	0.505914
3515	0.499541
3516	0.497176
3517	0.491545
3518	0.49703
3519	0.510761
3520	0.501107
3521	0.502397
3522	0.503966
3523	0.48786
3524	0.504544
3525	0.503508
3526	0.507491
3527	0.497406
3528	0.493964
3529	0.506512
3530	0.502312
3531	0.501522
3532	0.498362
3533	0.496153
3534	0.50053
3535	0.503888
3536	0.506807
3537	0.49878
3538	0.507673
3539	0.501446
3540	0.493339
3541	0.492534
3542	0.496592
3543	0.503487
3544	0.496295
3545	0.508575
3546	0.490114
3547	0.500197
3548	0.496466
3549	0.502499
3550	0.50068
3551	0.50103
3552	0.497205
3553	0.504139
3554	0.499018
3555	0.499122
3556	0.4954
3557	0.509979
3558	0.502494
3559	0.496152
3560	0.505572
3561	0.494602
3562	0.503489
3563	0.494221
3564	0.501677
3565	0.489523
3566	0.495696
3567	0.491282
3568	0.497434
3569	0.496672
3570	0.507263
3571	0.509426
3572	0.503947
3573	0.503441
3574	0.505717
3575	0.49838
3576	0.499074
3577	0.504072
3578	0.495939
3579	0.514078
3580	0.499302
3581	0.506642
3582	0.495374
3583	0.498128
3584	0.500822
3585	0.495067
3586	0.507295
3587	0.501915
3588	0.506108
3589	0.502938
3590	0.503491
3591	0.502202
3592	0.499938
3593	0.507663
3594	0.50256
3595	0.499297
3596	0.492377
3597	0.504708
3598	0.496015
3599	0.498344
3600	0.50467
3601	0.497581
3602	0.501289
3603	0.494673
3604	0.504204
3605	0.498998
3606	0.498486
3607	0.500261
3608	0.508303
3609	0.500596
3610	0.501876
3611	0.497393
3612	0.498026
3613	0.497233
3614	0.501146
3615	0.493529
3616	0.504982
3617	0.49628
3618	0.500335
3619	0.49621
3620	0.5083
3621	0.493828
3622	0.502505
3623	0.491146
3624	0.487806
3625	0.499152
3626	0.493421
3627	0.494985
3628	0.504484
3629	0.504071
3630	0.508599
3631	0.501812
3632	0.497384
3633	0.511825
3634	0.504089
3635	0.505284
3636	0.494578
3637	0.501088
3638	0.502937
3639	0.491169
3640	0.49806
3641	0.506535
3642	0.495275
3643	0.507564
3644	0.502546
3645	0.501504
3646	0.500987
3647	0.51385
3648	0.502962
3649	0.502359
3650	0.490538
3651	0.49705
3652	0.500061
3653	0.495574
3654	0.502097
3655	0.506182
3656	0.498679
3657	0.505596
3658	0.491099
3659	0.499074
3660	0.501415
3661	0.497669
3662	0.500019
3663	0.495854
3664	0.495731
3665	0.500456
3666	0.498518
3667	0.503092
3668	0.497039
3669	0.506494
3670	0.499108
3671	0.510371
3672	0.500223
3673	0.499124
3674	0.494516
3675	0.510424
3676	0.497093
3677	0.503745
3678	0.500882
3679	0.503699
3680	0.493122
3681	0.50795
3682	0.497848
3683	0.506374
3684	0.50312
3685	0.507493
3686	0.50402
3687	0.486108
3688	0.493746
3689	0.510329
3690	0.499606
3691	0.502333
3692	0.50198
3693	0.502095
3694	0.497377
3695	0.497991
3696	0.495854
3697	0.500357
3698	0.496232
3699	0.501392
3700	0.497338
3701	0.498952
3702	0.496434
3703	0.50569
3704	0.49502
3705	0.505306
3706	0.500692
3707	0.495746
3708	0.490115
3709	0.506378
3710	0.495087
3711	0.506155
3712	0.500758
3713	0.506854
3714	0.502549
3715	0.497324
3716	0.502594
3717	0.5034
3718	0.503029
3719	0.49719
3720	0.496484
3721	0.50051
3722	0.508108
3723	0.501006
3724	0.503323
3725	0.494991
3726	0.491468
3727	0.512024
3728	0.498772
3729	0.5037
3730	0.506928
3731	0.501791
3732	0.501181
3733	0.497837
3734	0.507556
3735	0.506805
3736	0.494584
3737	0.506123
3738	0.497774
3739	0.504465
3740	0.49609
3741	0.500204
3742	0.507485
3743	0.498685
3744	0.494907
3745	0.504781
3746	0.510715
3747	0.505851
3748	0.498146
3749	0.499818
3750	0.502894
3751	0.491693
3752	0.499073
3753	0.503358
3754	0.50136
3755	0.500996
3756	0.500168
3757	0.500978
3758	0.501095
3759	0.498734
3760	0.501359
3761	0.511324
3762	0.499315
3763	0.490351
3764	0.500419
3765	0.502357
3766	0.506986
3767	0.502743
3768	0.50228
3769	0.49931
3770	0.498404
3771	0.498595
3772	0.500508
3773	0.510652
3774	0.500738
3775	0.501003
3776	0.494784
3777	0.496502
3778	0.498841
3779	0.499084
3780	0.501221
3781	0.496941
3782	0.507773
3783	0.502663
3784	0.493023
3785	0.505099
3786	0.500285
3787	0.502049
3788	0.493087
3789	0.508296
3790	0.500876
3791	0.492076
3792	0.499132
3793	0.506705
3794	0.495328
3795	0.499806
3796	0.491232
3797	0.494942
3798	0.495088
3799	0.499035
3800	0.50042
3801	0.499039
3802	0.511874
3803	0.502497
3804	0.492346
3805	0.499771
3806	0.494173
3807	0.500161
3808	0.498838
3809	0.496407
3810	0.504012
3811	0.492791
3812	0.498573
3813	0.504661
3814	0.493593
3815	0.508327
3816	0.500095
3817	0.505247
3818	0.498867
3819	0.500796
3820	0.491355
3821	0.500844
3822	0.504693
3823	0.499499
3824	0.495684
3825	0.495799
3826	0.500958
3827	0.503516
3828	0.494569
3829	0.497479
3830	0.49331
3831	0.500482
3832	0.50303
3833	0.505894
3834	0.501988
3835	0.499006
3836	0.496205
3837	0.493093
3838	0.499633
3839	0.506003
3840	0.498338
3841	0.5027
3842	0.497206
3843	0.497212
3844	0.495932
3845	0.498374
3846	0.497336
3847	0.511743
3848	0.500324
3849	0.49829
3850	0.502643
3851	0.50636
3852	0.496206
3853	0.506538
3854	0.494751
3855	0.494908
3856	0.507761
3857	0.509118
3858	0.503251
3859	0.507755
3860	0.507666
3861	0.500418
3862	0.498214
3863	0.508507
3864	0.496021
3865	0.485876
3866	0.502199
3867	0.5045
3868	0.496616
3869	0.499373
3870	0.495921
3871	0.500519
3872	0.499084
3873	0.498232
3874	0.495945
3875	0.503773
3876	0.501442
3877	0.504911
3878	0.496895
3879	0.500747
3880	0.507415
3881	0.501625
3882	0.498575
3883	0.499828
3884	0.495205
3885	0.499132
3886	0.501853
3887	0.503556
3888	0.494995
3889	0.503945
3890	0.500105
3891	0.502449
3892	0.502941
3893	0.500707
3894	0.495322
3895	0.502956
3896	0.50248
3897	0.499511
3898	0.487022
3899	0.494319
3900	0.501185
3901	0.505536
3902	0.488797
3903	0.502176
3904	0.502328
3905	0.503783
3906	0.510651
3907	0.500093
3908	0.504816
3909	0.501328
3910	0.495566
3911	0.50525
3912	0.498832
3913	0.503411
3914	0.497415
3915	0.500438
3916	0.500317
3917	0.501182
3918	0.509967
3919	0.503405
3920	0.496632
3921	0.500866
3922	0.506168
3923	0.495658
3924	0.502365
3925	0.500411
3926	0.501293
3927	0.501718
3928	0.502711
3929	0.495059
3930	0.493989
3931	0.504587
3932	0.499694
3933	0.487895
3934	0.500463
3935	0.502598
3936	0.499595
3937	0.508611
3938	0.498934
3939	0.50355
3940	0.503166
3941	0.506913
3942	0.499917
3943	0.499052
3944	0.505212
3945	0.499154
3946	0.501544
3947	0.510982
3948	0.502811
3949	0.490296
3950	0.501128
3951	0.497558
3952	0.506824
3953	0.496364
3954	0.511669
3955	0.4953
3956	0.501368
3957	0.502618
3958	0.493923
3959	0.504775
3960	0.502096
3961	0.496239
3962	0.503959
3963	0.491618
3964	0.499852
3965	0.500006
3966	0.503042
3967	0.513664
3968	0.501272
3969	0.506394
3970	0.503458
3971	0.500063
3972	0.499171
3973	0.503372
3974	0.500264
3975	0.498873
3976	0.503319
3977	0.496345
3978	0.503264
3979	0.500534
3980	0.495418
3981	0.497818
3982	0.496676
3983	0.502105
3984	0.503269
3985	0.49983
3986	0.499663
3987	0.503289
3988	0.501708
3989	0.49852
3990	0.496366
3991	0.487571
3992	0.500244
3993	0.509199
3994	0.49719
3995	0.496484
3996	0.495272
3997	0.502603
3998	0.505357
3999	0.499108
4000	0.497069
4001	0.489964
4002	0.503083
4003	0.493462
4004	0.50207
4005	0.500396
4006	0.502234
4007	0.50264
4008	0.510481
4009	0.502158
4010	0.499134
4011	0.504924
4012	0.492932
4013	0.497938
4014	0.505577
4015	0.49944
4016	0.497132
4017	0.496862
4018	0.500306
4019	0.499267
4020	0.509457
4021	0.503109
4022	0.509424
4023	0.500567
4024	0.490948
4025	0.502759
4026	0.496802
4027	0.502239
4028	0.49628
4029	0.497744
4030	0.503542
4031	0.497877
4032	0.498224
4033	0.492902
4034	0.499651
4035	0.500719
4036	0.500611
4037	0.495321
4038	0.493436
4039	0.499803
4040	0.499282
4041	0.495664
4042	0.492986
4043	0.496876
4044	0.504846
4045	0.498119
4046	0.498188
4047	0.49485
4048	0.502795
4049	0.496784
4050	0.500306
4051	0.50112
4052	0.491844
4053	0.490729
4054	0.497588
4055	0.504173
4056	0.499114
4057	0.50197
4058	0.504457
4059	0.499182
4060	0.498443
4061	0.50296
4062	0.495792
4063	0.503934
4064	0.500956
4065	0.498053
4066	0.503271
4067	0.501182
4068	0.503652
4069	0.504253
4070	0.502378
4071	0.498096
4072	0.50416
4073	0.497821
4074	0.4988
4075	0.500533
4076	0.499948
4077	0.500415
4078	0.499949
4079	0.504978
4080	0.495293
4081	0.502226
4082	0.501203
4083	0.50241
4084	0.489931
4085	0.498914
4086	0.499099
4087	0.500635
4088	0.499034
4089	0.500472
4090	0.500686
4091	0.493774
4092	0.49264
4093	0.500472
4094	0.502286
4095	0.505528
4096	0.504832
4097	0.502384
4098	0.493418
4099	0.502116
4100	0.506172
4101	0.504171
4102	0.500047
4103	0.498373
4104	0.497856
4105	0.504237
4106	0.498394
4107	0.494651
4108	0.499908
4109	0.497456
4110	0.501367
4111	0.497211
4112	0.501796
4113	0.4947
4114	0.496383
4115	0.504335
4116	0.502239
4117	0.491749
4118	0.499445
4119	0.494446
4120	0.505158
4121	0.4871
4122	0.502683
4123	0.496518
4124	0.495534
4125	0.490352
4126	0.501528
4127	0.49574
4128	0.503168
4129	0.499887
4130	0.506284
4131	0.507022
4132	0.497038
4133	0.506708
4134	0.504684
4135	0.497913
4136	0.497016
4137	0.498128
4138	0.493857
4139	0.498826
4140	0.500857
4141	0.500011
4142	0.497006
4143	0.49649
4144	0.497253
4145	0.507944
4146	0.502486
4147	0.495804
4148	0.508778
4149	0.501689
4150	0.497704
4151	0.495783
4152	0.50115
4153	0.495589
4154	0.488967
4155	0.491871
4156	0.501859
4157	0.502728
4158	0.501182
4159	0.499381
4160	0.499098
4161	0.502977
4162	0.493452
4163	0.505854
4164	0.498841
4165	0.501015
4166	0.50023
4167	0.497198
4168	0.501691
4169	0.492695
4170	0.495483
4171	0.49943
4172	0.498559
4173	0.503127
4174	0.500146
4175	0.502291
4176	0.495917
4177	0.497994
4178	0.502715
4179	0.495945
4180	0.494225
4181	0.505593
4182	0.498106
4183	0.507287
4184	0.491708
4185	0.498579
4186	0.498525
4187	0.507696
4188	0.504574
4189	0.500351
4190	0.509964
4191	0.507506
4192	0.506367
4193	0.503556
4194	0.498437
4195	0.504519
4196	0.504369
4197	0.50315
4198	0.499317
4199	0.50422
4200	0.502134
4201	0.496554
4202	0.498578
4203	0.502179
4204	0.496952
4205	0.501626
4206	0.498302
4207	0.491173
4208	0.494929
4209	0.495006
4210	0.51126
4211	0.498239
4212	0.50445
4213	0.501744
4214	0.501253
4215	0.499832
4216	0.500783
4217	0.496872
4218	0.500954
4219	0.498565
4220	0.497745
4221	0.492404
4222	0.498493
4223	0.508436
4224	0.493024
4225	0.497598
4226	0.501262
4227	0.491777
4228	0.499946
4229	0.507423
4230	0.505493
4231	0.497477
4232	0.496623
4233	0.507694
4234	0.508793
4235	0.501796
4236	0.512297
4237	0.499933
4238	0.496166
4239	0.498702
4240	0.502527
4241	0.505355
4242	0.499492
4243	0.501807
4244	0.503042
4245	0.504722
4246	0.499536
4247	0.496978
4248	0.500915
4249	0.503699
4250	0.500681
4251	0.495701
4252	0.505871
4253	0.495514
4254	0.49989
4255	0.504233
4256	0.49778
4257	0.499709
4258	0.502069
4259	0.504842
4260	0.50109
4261	0.50193
4262	0.503928
4263	0.491968
4264	0.495349
4265	0.500875
4266	0.506545
4267	0.509759
4268	0.500287
4269	0.494534
4270	0.492448
4271	0.491656
4272	0.513257
4273	0.506111
4274	0.499548
4275	0.497777
4276	0.506961
4277	0.500274
4278	0.504975
4279	0.503509
4280	0.497592
4281	0.500478
4282	0.501537
4283	0.507585
4284	0.500553
4285	0.500488
4286	0.500323
4287	0.501224
4288	0.4979
4289	0.496878
4290	0.506118
4291	0.493237
4292	0.503394
4293	0.506187
4294	0.506542
4295	0.505852
4296	0.510641
4297	0.510802
4298	0.504245
4299	0.4952
4300	0.498969
4301	0.505334
4302	0.497976
4303	0.502498
4304	0.499393
4305	0.492041
4306	0.497311
4307	0.5013
4308	0.505367
4309	0.496896
4310	0.49047
4311	0.498848
4312	0.499951
4313	0.495882
4314	0.500961
4315	0.497315
4316	0.4951
4317	0.495414
4318	0.503944
4319	0.507914
4320	0.497108
4321	0.500564
4322	0.505071
4323	0.505641
4324	0.500584
4325	0.501676
4326	0.502677
4327	0.500382
4328	0.488923
4329	0.499995
4330	0.500491
4331	0.49791
4332	0.502866
4333	0.505702
4334	0.489984
4335	0.494916
4336	0.491756
4337	0.500922
4338	0.494709
4339	0.494347
4340	0.500949
4341	0.498874
4342	0.499226
4343	0.494786
4344	0.50495
4345	0.497348
4346	0.495951
4347	0.50197
4348	0.495131
4349	0.500169
4350	0.494043
4351	0.502408
4352	0.498614
4353	0.497914
4354	0.502256
4355	0.502224
4356	0.496958
4357	0.502701
4358	0.495003
4359	0.499829
4360	0.497509
4361	0.498018
4362	0.497306
4363	0.508306
4364	0.494797
4365	0.500839
4366	0.49647
4367	0.495408
4368	0.502448
4369	0.494458
4370	0.503834
4371	0.507366
4372	0.505266
4373	0.503383
4374	0.500628
4375	0.49603
4376	0.505102
4377	0.487742
4378	0.498133
4379	0.502849
4380	0.504082
4381	0.497381
4382	0.502232
4383	0.510554
4384	0.496895
4385	0.502529
4386	0.49876
4387	0.505952
4388	0.501722
4389	0.494727
4390	0.499464
4391	0.494361
4392	0.499765
4393	0.505619
4394	0.504065
4395	0.495992
4396	0.50541
4397	0.499017
4398	0.493358
4399	0.500657
4400	0.496188
4401	0.496846
4402	0.496804
4403	0.502289
4404	0.500952
4405	0.50315
4406	0.498442
4407	0.50152
4408	0.50653
4409	0.496021
4410	0.502137
4411	0.499735
4412	0.503982
4413	0.489887
4414	0.496568
4415	0.503557
4416	0.507877
4417	0.50291
4418	0.505492
4419	0.506319
4420	0.493048
4421	0.50229
4422	0.500665
4423	0.502911
4424	0.501928
4425	0.50338
4426	0.497892
4427	0.489269
4428	0.503936
4429	0.50867
4430	0.504093
4431	0.502682
4432	0.503457
4433	0.512126
4434	0.507306
4435	0.500734
4436	0.498394
4437	0.495783
4438	0.500245
4439	0.497791
4440	0.498264
4441	0.497087
4442	0.501707
4443	0.500908
4444	0.504138
4445	0.496776
4446	0.496045
4447	0.493864
4448	0.495061
4449	0.503754
4450	0.495143
4451	0.507203
4452	0.501137
4453	0.499254
4454	0.496087
4455	0.49597
4456	0.497908
4457	0.497441
4458	0.499488
4459	0.488832
4460	0.503721
4461	0.488539
4462	0.504234
4463	0.495636
4464	0.501178
4465	0.501747
4466	0.507444
4467	0.497835
4468	0.496895
4469	0.49737
4470	0.495119
4471	0.498018
4472	0.49465
4473	0.505295
4474	0.50044
4475	0.501986
4476	0.503698
4477	0.501575
4478	0.503321
4479	0.501228
4480	0.495039
4481	0.502519
4482	0.494123
4483	0.503055
4484	0.500857
4485	0.5024
4486	0.503165
4487	0.49774
4488	0.498874
4489	0.500917
4490	0.495385
4491	0.49139
4492	0.493178
4493	0.500047
4494	0.500343
4495	0.493225
4496	0.499333
4497	0.497633
4498	0.507285
4499	0.497334
4500	0.50482
4501	0.503759
4502	0.506034
4503	0.4957
4504	0.497114
4505	0.504823
4506	0.497427
4507	0.497818
4508	0.512189
4509	0.501768
4510	0.506368
4511	0.499161
4512	0.497178
4513	0.494917
4514	0.495549
4515	0.505303
4516	0.499585
4517	0.497431
4518	0.494159
4519	0.501171
4520	0.494137
4521	0.495519
4522	0.495285
4523	0.489728
4524	0.499197
4525	0.500254
4526	0.503004
4527	0.49966
4528	0.497807
4529	0.491199
4530	0.497423
4531	0.502136
4532	0.491798
4533	0.499567
4534	0.498637
4535	0.502961
4536	0.500321
4537	0.502014
4538	0.498399
4539	0.502922
4540	0.500434
4541	0.495901
4542	0.500768
4543	0.499253
4544	0.502704
4545	0.495139
4546	0.497794
4547	0.503613
4548	0.499762
4549	0.499545
4550	0.506057
4551	0.504786
4552	0.499988
4553	0.501544
4554	0.503786
4555	0.50371
4556	0.498841
4557	0.49336
4558	0.497927
4559	0.500249
4560	0.493735
4561	0.495858
4562	0.498287
4563	0.494763
4564	0.504653
4565	0.498363
4566	0.499746
4567	0.491367
4568	0.493924
4569	0.506346
4570	0.504527
4571	0.499093
4572	0.503805
4573	0.497011
4574	0.504281
4575	0.497509
4576	0.500425
4577	0.489679
4578	0.498148
4579	0.495833
4580	0.500561
4581	0.497984
4582	0.497523
4583	0.504121
4584	0.49416
4585	0.503595
4586	0.497186
4587	0.497065
4588	0.507379
4589	0.50456
4590	0.503204
4591	0.501627
4592	0.505525
4593	0.491089
4594	0.5014
4595	0.503265
4596	0.508032
4597	0.496986
4598	0.504504
4599	0.501744
4600	0.496408
4601	0.496339
4602	0.5106
4603	0.49662
4604	0.497887
4605	0.503599
4606	0.496128
4607	0.503251
4608	0.510122
4609	0.494627
4610	0.503692
4611	0.497611
4612	0.506438
4613	0.504097
4614	0.494196
4615	0.497157
4616	0.498173
4617	0.502212
4618	0.500455
4619	0.504606
4620	0.496191
4621	0.497878
4622	0.503254
4623	0.492429
4624	0.498342
4625	0.495965
4626	0.498231
4627	0.498198
4628	0.503032
4629	0.499365
4630	0.492135
4631	0.509133
4632	0.497055
4633	0.504499
4634	0.494643
4635	0.48944
4636	0.502545
4637	0.501987
4638	0.490734
4639	0.505158
4640	0.507519
4641	0.496816
4642	0.497308
4643	0.505294
4644	0.502149
4645	0.50379
4646	0.496383
4647	0.50181
4648	0.498966
4649	0.510434
4650	0.503158
4651	0.502631
4652	0.498943
4653	0.499608
4654	0.49702
4655	0.499466
4656	0.49546
4657	0.495777
4658	0.499501
4659	0.501206
4660	0.497808
4661	0.500114
4662	0.50003
4663	0.495295
4664	0.498966
4665	0.5005
4666	0.500549
4667	0.495676
4668	0.504107
4669	0.498789
4670	0.497532
4671	0.504654
4672	0.499398
4673	0.501194
4674	0.497119
4675	0.503567
4676	0.498957
4677	0.496154
4678	0.504059
4679	0.499807
4680	0.499439
4681	0.50566
4682	0.499735
4683	0.50181
4684	0.502253
4685	0.503056
4686	0.495088
4687	0.502068
4688	0.502009
4689	0.492153
4690	0.505058
4691	0.500687
4692	0.491119
4693	0.500104
4694	0.498401
4695	0.49399
4696	0.507902
4697	0.498411
4698	0.50511
4699	0.504179
4700	0.505637
4701	0.49865
4702	0.507272
4703	0.502425
4704	0.500412
4705	0.495042
4706	0.501913
4707	0.500198
4708	0.500356
4709	0.505899
4710	0.49944
4711	0.503217
4712	0.49643
4713	0.496769
4714	0.500542
4715	0.50713
4716	0.500279
4717	0.501368
4718	0.498715
4719	0.503335
4720	0.500056
4721	0.493113
4722	0.503395
4723	0.502394
4724	0.494196
4725	0.500891
4726	0.491541
4727	0.504308
4728	0.494103
4729	0.499288
4730	0.495959
4731	0.497622
4732	0.499075
4733	0.502328
4734	0.501506
4735	0.497302
4736	0.491398
4737	0.504448
4738	0.50086
4739	0.500054
4740	0.499559
4741	0.500144
4742	0.499435
4743	0.497269
4744	0.493976
4745	0.495156
4746	0.507061
4747	0.502204
4748	0.512755
4749	0.503672
4750	0.495475
4751	0.496413
4752	0.503236
4753	0.503086
4754	0.49933
4755	0.498059
4756	0.504239
4757	0.498081
4758	0.509519
4759	0.503933
4760	0.500802
4761	0.506024
4762	0.491745
4763	0.503237
4764	0.50337
4765	0.498155
4766	0.506371
4767	0.499256
4768	0.501872
4769	0.505483
4770	0.501054
4771	0.510578
4772	0.507698
4773	0.504033
4774	0.503546
4775	0.501482
4776	0.500941
4777	0.502635
4778	0.501919
4779	0.501384
4780	0.495621
4781	0.498711
4782	0.498389
4783	0.494243
4784	0.496507
4785	0.498722
4786	0.505929
4787	0.501305
4788	0.502757
4789	0.499427
4790	0.499351
4791	0.503223
4792	0.506334
4793	0.496511
4794	0.50437
4795	0.497605
4796	0.508303
4797	0.50343
4798	0.497702
4799	0.49915
4800	0.500247
4801	0.501805
4802	0.499818
4803	0.49977
4804	0.497817
4805	0.497999
4806	0.503386
4807	0.499802
4808	0.492777
4809	0.499006
4810	0.501459
4811	0.49483
4812	0.506455
4813	0.496769
4814	0.505368
4815	0.505759
4816	0.502481
4817	0.500518
4818	0.499567
4819	0.4989
4820	0.494042
4821	0.497991
4822	0.499032
4823	0.501958
4824	0.501513
4825	0.499206
4826	0.489245
4827	0.505625
4828	0.497786
4829	0.500428
4830	0.495637
4831	0.494962
4832	0.501593
4833	0.501755
4834	0.494723
4835	0.495462
4836	0.50248
4837	0.501861
4838	0.505429
4839	0.498108
4840	0.496271
4841	0.502801
4842	0.500906
4843	0.502291
4844	0.505183
4845	0.50702
4846	0.502789
4847	0.49654
4848	0.49972
4849	0.499323
4850	0.496382
4851	0.501253
4852	0.502941
4853	0.50326
4854	0.494625
4855	0.503195
4856	0.501947
4857	0.500175
4858	0.499243
4859	0.504595
4860	0.494901
4861	0.496727
4862	0.504514
4863	0.499492
4864	0.495132
4865	0.500228
4866	0.50185
4867	0.501689
4868	0.507834
4869	0.497051
4870	0.493747
4871	0.488524
4872	0.501635
4873	0.492996
4874	0.498013
4875	0.493906
4876	0.508193
4877	0.498727
4878	0.504996
4879	0.495923
4880	0.500784
4881	0.49903
4882	0.498912
4883	0.499568
4884	0.498201
4885	0.498769
4886	0.506671
4887	0.497957
4888	0.494851
4889	0.502706
4890	0.499486
4891	0.502766
4892	0.501092
4893	0.499166
4894	0.500492
4895	0.499148
4896	0.497972
4897	0.499257
4898	0.500032
4899	0.509811
4900	0.503883
4901	0.506755
4902	0.505175
4903	0.490577
4904	0.498746
4905	0.501756
4906	0.51028
4907	0.499355
4908	0.499681
4909	0.505746
4910	0.501634
4911	0.495876
4912	0.505503
4913	0.506508
4914	0.500788
4915	0.500993
4916	0.504514
4917	0.499818
4918	0.501194
4919	0.493792
4920	0.503345
4921	0.508578
4922	0.498365
4923	0.494385
4924	0.503965
4925	0.504248
4926	0.49922
4927	0.502221
4928	0.507503
4929	0.501008
4930	0.497348
4931	0.500668
4932	0.497105
4933	0.497581
4934	0.500093
4935	0.492075
4936	0.502243
4937	0.505279
4938	0.50219
4939	0.498732
4940	0.503719
4941	0.502119
4942	0.502339
4943	0.503726
4944	0.498731
4945	0.500078
4946	0.498927
4947	0.495881
4948	0.499639
4949	0.499017
4950	0.504175
4951	0.494984
4952	0.49379
4953	0.506336
4954	0.501108
4955	0.497613
4956	0.496463
4957	0.502634
4958	0.501503
4959	0.493735
4960	0.502401
4961	0.499646
4962	0.495296
4963	0.504886
4964	0.49298
4965	0.495506
4966	0.503603
4967	0.49999
4968	0.492951
4969	0.50241
4970	0.498169
4971	0.502532
4972	0.498059
4973	0.503662
4974	0.501279
4975	0.503799
4976	0.503653
4977	0.50692
4978	0.498219
4979	0.501237
4980	0.504036
4981	0.499072
4982	0.502446
4983	0.498165
4984	0.500186
4985	0.499109
4986	0.501033
4987	0.497534
4988	0.495928
4989	0.50451
4990	0.504168
4991	0.501245
4992	0.500701
4993	0.497123
4994	0.499794
4995	0.500318
4996	0.499596
4997	0.511466
4998	0.500391
4999	0.502557
5000	0.500926
